1,1,0,0,0,0,0,0,0,0,0,1,1,0,0,0,0,0,0,0,0,0,30,0,30,0,0,0,0,0,0,0,0,0,0,0,7,1,0,0,3,0,0,0,0,1,0,0,1,0,0,0,0,0,0,0,0,1,0,0,0,0,0,0,0,0,0,0,0,0,0,0,0,0,0,0,0,0,0,0,0,0,0,0,0,0,
1,1,1,0,0,0,0,0,0,0,0,1,1,1,0,0,0,0,0,0,0,0,30,0,30,0,0,0,0,0,0,0,0,0,0,0,7,1,0,0,4,0,0,0,0,1,0,0,1,1,0,0,0,0,0,0,0,1,0,0,0,0,0,0,0,0,0,0,0,0,0,0,0,0,0,0,0,0,0,0,0,0,0,0,0,0,
1,1,1,0,0,0,0,0,0,0,0,1,1,0,0,0,0,0,0,0,0,0,30,0,30,0,0,0,0,0,0,0,0,0,0,0,15,2,0,0,3,0,0,0,0,1,0,0,1,0,0,0,0,0,0,0,0,1,1,0,0,0,0,0,0,0,0,0,0,0,0,0,0,0,0,0,0,0,0,0,0,0,0,0,0,0,
0,1,1,1,0,0,0,0,0,0,0,0,1,1,1,0,0,0,0,0,0,0,30,0,30,0,0,0,0,0,0,0,1,1,0,0,15,2,0,0,4,3,0,0,0,1,0,0,1,0,0,0,0,0,1,0,0,1,1,0,0,0,0,0,0,0,0,0,0,0,0,0,0,0,0,0,0,0,0,0,0,0,0,0,0,0,
0,1,1,1,0,0,0,0,0,0,0,1,1,1,0,0,0,0,0,0,0,0,30,0,30,0,0,0,0,0,0,0,1,1,0,0,15,2,0,0,3,1,0,0,0,1,0,0,1,0,0,0,0,0,1,0,0,1,1,0,0,0,0,0,0,0,0,0,0,0,0,0,0,0,0,0,0,0,0,0,0,0,0,0,0,0,
0,1,1,1,0,0,0,0,0,0,0,1,1,0,0,0,0,0,0,0,0,0,30,0,30,0,0,0,0,0,0,0,1,1,0,0,15,2,0,0,2,0,0,0,0,0,0,0,1,0,0,0,0,0,1,0,0,1,1,0,0,0,0,0,0,0,0,0,0,0,0,0,0,0,0,0,0,0,0,0,0,0,0,0,0,0,
0,0,1,1,1,0,0,0,0,0,0,0,0,1,1,1,0,0,0,0,0,0,29,0,31,0,0,0,0,0,0,0,1,1,0,0,15,2,0,0,3,2,0,0,0,0,0,0,1,0,0,1,0,0,1,0,0,1,1,0,0,0,0,0,0,0,0,0,0,0,0,0,0,0,0,0,0,0,0,0,0,0,0,0,0,0,
0,0,1,1,1,0,0,0,0,0,0,1,0,0,0,0,0,0,0,0,0,0,31,0,31,0,0,0,0,0,0,0,0,0,0,0,15,2,0,0,2,0,0,0,0,0,0,0,1,0,0,0,0,0,1,0,0,1,1,0,0,0,0,0,0,0,0,0,0,0,0,0,0,0,0,0,0,0,0,0,0,0,0,0,0,0,
0,0,0,1,1,1,0,0,0,0,0,0,0,0,1,1,1,0,0,0,0,0,31,0,31,0,0,0,0,0,0,0,5,3,5,3,15,2,0,0,3,2,0,0,0,0,0,1,1,0,0,0,0,0,1,0,0,1,1,0,0,0,0,0,0,0,0,0,0,0,0,0,0,0,0,0,0,0,0,0,0,0,0,0,0,0,
0,0,0,1,1,1,0,0,0,0,0,1,1,1,0,0,0,0,0,0,0,0,31,0,36,0,0,0,0,0,0,0,0,0,0,0,15,2,0,0,2,1,0,0,0,0,0,1,0,0,0,0,0,0,1,0,0,1,1,0,0,0,0,0,0,0,0,0,0,0,0,0,0,0,0,0,0,0,0,0,0,0,0,0,0,0,
0,0,0,1,1,1,0,0,0,0,0,1,0,0,0,0,0,0,0,0,0,0,31,0,36,0,0,0,0,0,0,0,0,0,0,0,15,2,0,0,1,0,0,0,0,0,0,0,0,0,0,0,0,0,1,0,0,1,1,0,0,0,0,0,0,0,0,0,0,0,0,0,0,0,0,0,0,0,0,0,0,0,0,0,0,0,
0,0,0,0,1,1,1,0,0,0,0,0,0,0,0,1,1,1,0,0,0,0,31,0,36,0,0,0,0,0,0,0,4,5,0,0,15,2,0,0,2,1,0,0,0,0,0,0,0,0,0,0,0,1,1,0,0,1,1,0,0,0,0,0,0,0,0,0,0,0,0,0,0,0,0,0,0,0,0,0,0,0,0,0,0,0,
0,0,0,0,1,1,1,0,0,0,0,1,1,1,0,0,0,0,0,0,0,0,31,0,36,0,8,4,8,4,0,0,4,5,0,0,15,2,0,0,1,0,0,0,0,0,0,0,0,0,0,0,0,0,1,0,0,1,1,0,0,0,0,0,0,0,0,0,0,0,0,0,0,0,0,0,0,0,0,0,0,0,0,0,0,0,
0,0,0,0,1,1,1,0,0,0,0,1,0,0,0,0,0,0,0,0,0,0,33,0,36,0,8,4,8,4,0,0,4,5,0,0,15,2,0,0,1,0,0,0,0,0,0,0,0,0,0,0,0,0,1,0,0,1,1,0,0,0,0,0,0,0,0,0,0,0,0,0,0,0,0,0,0,0,0,0,0,0,0,0,0,0,
0,0,0,0,0,1,1,1,0,0,0,0,0,0,0,0,1,1,1,0,0,0,33,0,36,0,8,4,8,4,0,0,10,9,0,0,23,3,7,1,1,1,0,0,0,0,0,0,0,0,0,0,0,0,1,0,0,1,1,1,0,0,0,0,0,0,0,0,0,0,0,0,0,0,0,0,0,0,0,0,0,0,0,1,0,0,
0,0,0,0,0,1,1,1,0,0,0,1,0,0,0,0,0,0,0,0,0,0,33,0,36,0,15,11,8,4,0,0,10,9,0,0,16,2,0,0,1,0,0,0,0,0,0,0,0,0,0,0,0,0,1,0,0,0,1,1,0,0,0,0,0,0,0,0,0,0,0,0,0,0,0,0,0,0,0,0,0,0,0,1,0,0,
0,0,0,0,0,1,1,1,0,0,0,1,0,0,0,0,0,0,0,0,0,0,33,0,34,0,15,11,8,4,0,0,10,9,0,0,16,2,0,0,1,0,0,0,0,0,0,0,0,0,0,0,0,0,1,0,0,0,1,1,0,0,0,0,0,0,0,0,0,0,0,0,0,0,0,0,0,0,0,0,0,0,0,1,0,0,
0,0,0,0,0,0,1,1,1,0,0,0,0,0,0,0,0,1,1,1,0,0,33,0,25,0,4,10,0,0,0,0,4,4,0,0,16,2,16,2,2,2,0,0,0,0,0,0,0,0,0,0,0,1,1,0,0,0,1,1,0,0,0,0,0,0,0,0,0,0,0,0,0,0,0,0,0,0,0,1,0,0,0,0,0,0,
0,0,0,0,0,0,1,1,1,0,0,1,0,0,0,0,0,0,0,0,0,0,33,0,25,0,12,18,8,8,0,0,4,4,0,0,8,1,0,0,2,0,0,0,0,0,0,0,0,0,0,0,0,1,1,0,0,0,1,0,0,0,0,0,0,0,0,0,0,0,0,0,0,0,0,0,0,0,0,1,0,0,0,0,0,0,
0,0,0,0,0,0,1,1,1,0,0,1,0,0,0,0,0,0,0,0,0,0,33,0,15,0,12,18,8,8,0,0,4,4,0,0,8,1,0,0,2,0,0,0,0,0,0,0,0,0,0,0,0,1,1,0,0,0,1,0,0,0,0,0,0,0,0,0,0,0,0,0,0,0,0,0,0,0,0,1,0,0,0,0,0,0,
0,0,0,0,0,0,0,1,1,1,0,0,0,0,0,0,0,0,1,1,1,0,33,0,15,0,11,21,8,8,0,0,12,12,12,12,8,1,8,1,3,3,0,0,0,0,0,0,0,0,0,0,0,1,1,0,1,0,1,0,0,0,0,0,0,0,0,0,0,0,0,0,0,0,0,0,0,0,0,1,0,1,0,0,0,0,
0,0,0,0,0,0,0,1,1,1,0,0,0,1,1,1,0,0,0,0,0,0,41,0,15,0,3,13,0,0,0,0,0,0,0,0,8,1,0,0,2,1,0,0,0,0,0,0,0,0,0,0,0,1,0,0,1,0,1,0,0,0,0,0,0,0,0,0,0,0,0,0,0,0,0,0,0,0,0,1,0,0,0,0,0,0,
0,0,0,0,0,0,0,1,1,1,0,1,0,0,0,0,0,0,0,0,0,0,41,0,15,0,7,15,4,2,0,0,0,0,0,0,8,1,0,0,1,0,0,0,0,0,0,0,0,0,0,0,0,0,0,0,1,0,1,0,0,0,0,0,0,0,0,0,0,0,0,0,0,0,0,0,0,0,0,1,0,0,0,0,0,0,
0,0,0,0,0,0,0,1,1,1,0,1,0,0,0,0,0,0,0,0,0,0,41,0,2,0,7,15,4,2,0,0,0,0,0,0,8,1,0,0,1,0,0,0,0,0,0,0,0,0,0,0,0,0,0,0,1,0,1,0,0,0,0,0,0,0,0,0,0,0,0,0,0,0,0,0,0,0,0,1,0,0,0,0,0,0,
0,0,0,0,0,0,0,0,1,1,1,0,0,0,0,0,0,0,0,1,1,1,41,0,2,0,0,0,0,0,0,0,12,13,0,0,8,1,8,1,2,2,0,0,1,0,0,0,0,0,0,0,0,0,0,0,1,0,1,0,0,0,0,0,0,0,0,0,0,0,0,0,0,0,0,0,0,0,0,0,0,0,0,0,0,0,
0,0,0,0,0,0,0,0,1,1,1,0,1,1,1,0,0,0,0,0,0,0,41,0,2,0,8,8,8,8,8,0,12,13,0,0,8,1,0,0,1,1,0,0,1,0,0,0,0,0,0,0,0,0,0,0,0,0,1,0,0,0,0,0,0,0,0,0,0,0,0,0,0,0,0,0,0,0,0,0,0,0,0,0,0,0,
0,0,0,0,0,0,0,0,1,1,1,1,1,0,0,0,0,0,0,0,0,0,43,0,2,0,8,8,8,8,8,0,12,13,0,0,8,1,0,0,1,1,0,0,1,0,0,0,0,0,0,0,0,0,0,0,0,0,1,0,0,0,0,0,0,0,0,0,0,0,0,0,0,0,0,0,0,0,0,0,0,0,0,0,0,0,
0,0,0,0,0,0,0,0,1,1,1,0,0,0,0,0,0,0,0,1,1,1,43,0,3,0,8,8,8,8,8,0,12,13,0,0,17,2,17,2,1,1,0,0,1,0,0,0,0,0,0,0,0,0,0,0,0,0,1,0,1,0,0,0,0,0,0,0,0,0,0,0,0,0,0,0,0,0,0,0,0,1,0,0,0,0,
0,0,0,0,0,0,0,0,1,1,1,1,1,1,0,0,0,0,0,0,0,0,43,0,3,0,16,14,8,8,8,0,12,13,0,0,9,1,0,0,1,1,0,0,1,0,0,0,0,0,0,0,0,0,0,0,0,0,0,0,1,0,0,0,0,0,0,0,0,0,0,0,0,0,0,0,0,0,0,0,0,1,0,0,0,0,
1,1,0,0,0,0,0,0,0,0,0,1,1,0,0,0,0,0,0,0,0,0,30,0,30,0,0,0,0,0,0,0,0,0,0,0,9,2,0,0,1,0,0,0,0,0,1,0,0,0,1,0,0,0,0,1,0,1,0,0,0,0,0,0,0,0,0,0,0,0,0,0,0,0,0,0,0,0,0,0,0,0,0,0,0,0,
1,1,1,0,0,0,0,0,0,0,0,1,1,1,0,0,0,0,0,0,0,0,30,0,30,0,0,0,0,0,0,0,0,0,0,0,9,2,0,0,2,1,0,0,0,0,1,0,0,0,1,0,0,0,1,1,0,1,0,0,0,0,0,0,0,0,0,0,0,0,0,0,0,0,0,0,0,0,0,0,0,0,0,0,0,0,
1,1,1,0,0,0,0,0,0,0,0,1,0,0,0,0,0,0,0,0,0,0,30,0,30,0,0,0,0,0,0,0,0,0,0,0,9,2,0,0,1,0,0,0,0,0,0,0,0,0,1,0,1,0,1,1,0,1,0,0,0,0,0,0,0,0,0,0,0,0,0,0,0,0,0,0,0,0,0,0,0,0,0,0,0,0,
0,1,1,1,0,0,0,0,0,0,0,0,1,1,1,0,0,0,0,0,0,0,30,0,30,0,0,0,0,0,0,0,1,1,0,0,9,2,0,0,2,0,0,0,0,0,0,0,0,0,1,0,1,0,1,1,1,1,0,0,0,0,0,0,0,0,0,0,0,0,0,0,0,0,0,0,0,0,0,0,0,0,0,0,0,0,
0,1,1,1,0,0,0,0,0,0,0,1,0,0,0,0,0,0,0,0,0,0,30,1,30,0,0,0,0,0,0,0,1,1,0,0,9,2,0,0,2,0,0,0,0,0,0,0,0,0,0,0,1,0,1,1,1,1,0,0,0,0,0,0,0,0,0,0,0,0,0,0,0,0,0,0,0,0,0,0,0,0,0,0,0,0,
0,0,1,1,1,0,0,0,0,0,0,0,0,1,1,1,0,0,0,0,0,0,30,1,31,0,0,0,0,0,0,0,2,2,0,0,9,2,0,0,3,1,0,0,0,0,0,1,0,0,0,0,1,0,1,1,1,1,0,0,0,0,0,0,0,0,0,0,0,0,0,0,0,0,0,0,0,0,0,0,0,0,0,0,0,0,
0,0,1,1,1,0,0,0,0,0,0,1,1,1,0,0,0,0,0,0,0,0,32,1,31,0,0,0,0,0,0,0,2,2,0,0,9,2,0,0,3,1,0,0,0,0,0,1,0,0,0,0,1,0,1,1,1,1,0,0,0,0,0,0,0,0,0,0,0,0,0,0,0,0,0,0,0,0,0,0,0,0,0,0,0,0,
0,0,1,1,1,0,0,0,0,0,0,1,1,1,0,0,0,0,0,0,0,0,32,1,31,0,0,0,0,0,0,0,1,1,0,0,9,2,0,0,3,1,0,0,0,0,0,1,0,0,0,0,1,0,1,1,1,1,0,0,0,0,0,0,0,0,0,0,0,0,0,0,0,0,0,0,0,0,0,0,0,0,0,0,0,0,
0,0,1,1,1,0,0,0,0,0,0,1,0,0,0,0,0,0,0,0,0,0,32,1,31,0,0,0,0,0,0,0,0,0,0,0,9,2,0,0,2,0,0,0,0,0,0,0,0,0,0,0,1,0,1,1,1,1,0,0,0,0,0,0,0,0,0,0,0,0,0,0,0,0,0,0,0,0,0,0,0,0,0,0,0,0,
0,0,0,1,1,1,0,0,0,0,0,0,0,0,1,1,1,0,0,0,0,0,32,1,31,0,0,0,0,0,0,0,5,3,5,3,17,3,0,0,2,0,0,0,0,0,0,0,0,0,0,0,1,0,1,1,1,1,1,0,0,0,0,0,0,0,0,0,0,0,0,0,0,0,0,0,0,0,0,0,0,0,0,0,0,0,
0,0,0,1,1,1,0,0,0,0,0,0,0,0,1,1,1,0,0,0,0,0,32,0,31,0,0,0,0,0,0,0,4,3,4,3,17,3,0,0,2,0,0,0,0,0,0,0,0,0,0,0,1,0,1,1,1,1,1,0,0,0,0,0,0,0,0,0,0,0,0,0,0,0,0,0,0,0,0,0,0,0,0,0,0,0,
0,0,0,1,1,1,0,0,0,0,0,1,1,0,0,0,0,0,0,0,0,0,32,3,31,0,0,0,0,0,0,0,4,3,4,3,17,3,0,0,2,0,0,0,0,0,0,0,0,0,0,0,0,0,1,1,1,1,1,0,0,0,0,0,0,0,0,0,0,0,0,0,0,0,0,0,0,0,0,0,0,0,0,0,0,0,
0,0,0,0,1,1,1,0,0,0,0,0,0,0,0,1,1,1,0,0,0,0,29,3,31,0,0,0,0,0,0,0,10,7,4,3,17,3,2,1,3,2,0,0,0,1,0,0,0,0,0,0,0,0,1,1,1,1,1,0,0,0,0,0,0,0,0,0,0,0,0,0,0,0,0,0,0,0,0,0,0,0,0,0,0,0,
0,0,0,0,1,1,1,0,0,0,0,1,0,0,0,0,0,0,0,0,0,0,29,3,31,0,2,6,0,0,0,0,10,7,4,3,15,2,0,0,3,0,0,0,0,1,0,0,0,0,0,0,0,0,1,0,1,1,1,0,0,0,0,0,0,0,0,0,0,0,0,0,0,0,0,0,0,0,0,0,0,0,0,0,0,0,
0,0,0,0,0,1,1,1,0,0,0,0,0,0,0,0,1,1,1,0,0,0,25,3,32,0,2,6,0,0,0,0,10,7,4,3,15,2,7,1,4,4,0,0,0,1,0,1,0,0,0,0,0,0,1,0,1,1,1,0,0,0,0,0,0,0,0,0,0,0,0,0,0,0,0,0,0,1,0,0,0,0,0,0,0,0,
0,0,0,0,0,1,1,1,0,0,0,1,0,0,0,0,0,0,0,0,0,0,25,3,32,0,10,14,8,8,8,0,10,7,4,3,15,2,0,0,3,0,0,0,0,1,0,1,0,0,0,0,0,0,1,0,0,1,1,0,0,0,0,0,0,0,0,0,0,0,0,0,0,0,0,0,0,1,0,0,0,0,0,0,0,0,
0,0,0,0,0,0,1,1,1,0,0,0,0,0,0,0,0,1,1,1,0,0,25,3,32,0,10,14,8,8,8,0,34,31,28,27,23,3,23,3,3,3,0,0,0,1,0,1,0,0,0,0,0,0,1,0,0,1,1,1,0,0,0,0,0,0,0,0,0,0,0,0,0,0,0,0,0,1,0,0,0,1,0,0,0,0,
0,0,0,0,0,0,1,1,1,0,0,0,0,0,0,1,1,1,0,0,0,0,25,3,32,0,10,14,8,8,0,0,30,31,25,27,23,3,0,0,2,2,0,0,0,1,0,0,0,0,0,0,0,0,1,0,0,1,1,1,0,0,0,0,0,0,0,0,0,0,0,0,0,0,0,0,0,1,0,0,0,1,0,0,0,0,
0,0,0,0,0,0,1,1,1,0,0,0,0,0,1,1,1,0,0,0,0,0,25,3,32,0,10,14,8,8,0,0,30,31,25,27,23,3,0,0,1,1,0,0,0,0,0,0,0,0,0,0,0,0,1,0,0,1,1,1,0,0,0,0,0,0,0,0,0,0,0,0,0,0,0,0,0,1,0,0,0,1,0,0,0,0,
0,0,0,0,0,0,1,1,1,0,0,0,0,0,1,1,1,0,0,0,0,0,21,3,32,0,10,14,8,8,0,0,27,31,22,27,23,3,0,0,1,1,0,0,0,0,0,0,0,0,0,0,0,0,1,0,0,1,1,1,0,0,0,0,0,0,0,0,0,0,0,0,0,0,0,0,0,1,0,0,0,1,0,0,0,0,
0,0,0,0,0,0,1,1,1,0,0,0,0,0,1,1,1,0,0,0,0,0,21,3,32,0,6,14,4,8,0,0,23,27,18,23,23,3,0,0,1,1,0,0,0,0,0,0,0,0,0,0,0,0,1,0,0,1,1,1,0,0,0,0,0,0,0,0,0,0,0,0,0,0,0,0,0,1,0,0,0,1,0,0,0,0,
0,0,0,0,0,0,1,1,1,0,0,1,0,0,0,0,0,0,0,0,0,0,29,3,37,0,9,9,0,0,0,0,5,6,5,6,23,3,0,0,0,0,0,0,0,0,0,0,0,0,0,0,0,0,0,0,0,1,1,1,0,0,0,0,0,0,0,0,0,0,0,0,0,0,0,0,0,0,0,0,0,0,0,0,0,0,
0,0,0,0,0,0,0,1,1,1,0,0,0,0,0,0,0,0,1,1,1,0,23,3,38,0,9,9,0,0,0,0,11,12,5,6,23,3,23,3,1,1,0,0,0,0,0,0,0,0,0,0,0,0,0,0,1,1,1,1,0,0,0,0,0,0,0,0,0,0,0,0,0,0,0,0,0,0,0,0,0,0,1,0,0,0,
0,0,0,0,0,0,0,1,1,1,0,1,1,0,0,0,0,0,0,0,0,0,23,3,38,0,17,17,8,8,0,0,11,12,5,6,15,2,0,0,1,0,0,0,0,0,0,0,0,0,0,0,0,0,0,0,1,1,1,0,0,0,0,0,0,0,0,0,0,0,0,0,0,0,0,0,0,0,0,0,0,0,1,0,0,0,
0,0,0,0,0,0,0,1,1,1,0,1,1,0,0,0,0,0,0,0,0,0,23,3,38,0,11,17,8,8,0,0,6,6,0,0,15,2,0,0,1,0,0,0,0,0,0,0,0,0,0,0,0,0,0,0,1,1,1,0,0,0,0,0,0,0,0,0,0,0,0,0,0,0,0,0,0,0,0,0,0,0,1,0,0,0,
0,0,0,0,0,0,0,1,1,1,0,1,1,0,0,0,0,0,0,0,0,0,23,3,35,0,11,17,8,8,0,0,6,6,0,0,15,2,0,0,1,0,0,0,0,0,0,0,0,0,0,0,0,0,0,0,1,1,1,0,0,0,0,0,0,0,0,0,0,0,0,0,0,0,0,0,0,0,0,0,0,0,1,0,0,0,
0,0,0,0,0,0,0,0,1,1,1,0,0,0,0,0,0,0,0,1,1,1,31,3,35,0,3,9,0,0,0,0,2,10,0,0,23,3,23,3,1,1,0,0,0,0,0,0,0,0,0,0,0,0,0,0,1,1,1,0,0,0,0,0,0,0,0,0,0,0,0,0,0,0,0,0,0,0,0,0,0,0,1,0,0,0,
0,0,0,0,0,0,0,0,1,1,1,0,1,1,1,0,0,0,0,0,0,0,31,3,35,0,5,15,2,6,6,0,2,10,0,0,23,3,0,0,0,0,0,0,0,0,0,0,0,0,0,0,0,0,0,0,0,1,1,0,0,0,0,0,0,0,0,0,0,0,0,0,0,0,0,0,0,0,0,0,0,0,1,0,0,0,
0,0,0,0,0,0,0,0,1,1,1,0,1,1,1,0,0,0,0,0,0,0,31,3,26,0,5,15,2,6,6,0,2,10,0,0,23,3,0,0,0,0,0,0,0,0,0,0,0,0,0,0,0,0,0,0,0,1,1,0,0,0,0,0,0,0,0,0,0,0,0,0,0,0,0,0,0,0,0,0,0,0,1,0,0,0,
0,0,0,0,0,0,0,0,1,1,1,1,1,0,0,0,0,0,0,0,0,0,33,3,26,0,5,15,2,6,6,0,2,10,0,0,23,3,0,0,0,0,0,0,0,0,0,0,0,0,0,0,0,0,0,0,0,1,1,0,0,0,0,0,0,0,0,0,0,0,0,0,0,0,0,0,0,0,0,0,0,0,1,0,0,0,
0,0,0,0,0,0,0,0,1,1,1,1,1,0,0,0,0,0,0,0,0,0,23,3,26,0,5,15,2,6,6,0,0,0,0,0,23,3,0,0,0,0,0,0,0,0,0,0,0,0,0,0,0,0,0,0,0,1,1,0,0,0,0,0,0,0,0,0,0,0,0,0,0,0,0,0,0,0,0,0,0,0,1,0,0,0,
0,0,0,0,0,0,0,0,1,1,1,0,0,0,0,0,0,0,0,1,1,1,23,3,26,0,5,15,2,6,6,0,18,17,0,0,23,3,23,3,1,1,0,0,0,0,0,0,0,0,0,0,0,1,0,0,0,1,1,0,0,0,0,0,0,0,0,0,0,0,0,0,0,0,0,0,0,1,0,0,0,0,1,0,0,0,
0,0,0,0,0,0,0,0,1,1,1,0,0,0,0,0,0,0,0,1,1,1,23,3,20,0,5,15,2,6,6,0,18,17,0,0,23,3,23,3,1,1,0,0,0,0,0,0,0,0,0,0,0,1,0,0,0,1,1,0,0,0,0,0,0,0,0,0,0,0,0,0,0,0,0,0,0,1,0,0,0,0,1,0,0,0,
0,0,0,0,0,0,0,0,1,1,1,0,0,0,0,1,1,1,0,0,0,0,23,3,20,0,9,17,6,8,6,0,18,17,0,0,23,3,0,0,0,0,0,0,0,0,0,0,0,0,0,0,0,0,0,0,0,1,1,0,0,0,0,0,0,0,0,0,0,0,0,0,0,0,0,0,0,1,0,0,0,0,1,0,0,0,
0,0,0,0,0,0,0,0,1,1,1,0,0,0,0,1,1,1,0,0,0,0,23,3,11,0,9,17,6,8,6,0,18,17,0,0,23,3,0,0,0,0,0,0,0,0,0,0,0,0,0,0,0,0,0,0,0,1,1,0,0,0,0,0,0,0,0,0,0,0,0,0,0,0,0,0,0,1,0,0,0,0,1,0,0,0,
0,0,0,0,0,0,0,0,1,1,1,0,0,0,0,1,1,1,0,0,0,0,15,0,11,0,9,17,6,8,6,0,15,17,0,0,23,3,0,0,0,0,0,0,0,0,0,0,0,0,0,0,0,0,0,0,0,1,1,0,0,0,0,0,0,0,0,0,0,0,0,0,0,0,0,0,0,1,0,0,0,0,1,0,0,0,
0,0,0,0,0,0,0,0,1,1,1,0,0,1,1,1,0,0,0,0,0,0,17,0,11,0,9,17,6,8,6,0,15,17,0,0,23,3,0,0,0,0,0,0,0,0,0,0,0,0,0,0,0,0,0,0,0,1,1,0,0,0,0,0,0,0,0,0,0,0,0,0,0,0,0,0,0,1,0,0,0,0,1,0,0,0,
0,0,0,0,0,0,0,0,1,1,1,0,0,0,0,0,0,0,0,1,1,1,17,0,11,0,10,14,2,6,0,0,9,17,0,0,23,3,23,3,1,1,0,0,0,0,0,0,0,0,0,0,0,0,1,0,0,1,1,0,0,0,0,0,0,0,0,0,0,0,0,0,0,0,0,0,0,1,0,0,0,0,1,0,0,0,
0,0,0,0,0,0,0,0,1,1,1,1,1,1,0,0,0,0,0,0,0,0,17,0,11,0,18,20,2,6,0,0,9,17,0,0,15,2,0,0,1,0,0,0,0,0,0,0,0,0,0,0,0,0,1,0,0,1,1,0,0,0,0,0,0,0,0,0,0,0,0,0,0,0,0,0,0,1,0,0,0,0,1,0,0,0,
0,0,0,0,0,0,0,0,1,1,1,1,1,1,0,0,0,0,0,0,0,0,17,0,3,0,18,20,2,6,0,0,9,17,0,0,15,2,0,0,1,0,0,0,0,0,0,0,0,0,0,0,0,0,1,0,0,1,1,0,0,0,0,0,0,0,0,0,0,0,0,0,0,0,0,0,0,1,0,0,0,0,1,0,0,0,
